(kicad_pcb (version 20171130) (host pcbnew "(5.1.9-0-10_14)")

  (general
    (thickness 1.6)
    (drawings 14)
    (tracks 594)
    (zones 0)
    (modules 75)
    (nets 65)
  )

  (page A4)
  (layers
    (0 F.Cu signal)
    (31 B.Cu signal)
    (32 B.Adhes user)
    (33 F.Adhes user)
    (34 B.Paste user)
    (35 F.Paste user)
    (36 B.SilkS user)
    (37 F.SilkS user)
    (38 B.Mask user)
    (39 F.Mask user)
    (40 Dwgs.User user)
    (41 Cmts.User user)
    (42 Eco1.User user)
    (43 Eco2.User user)
    (44 Edge.Cuts user)
    (45 Margin user)
    (46 B.CrtYd user)
    (47 F.CrtYd user)
    (48 B.Fab user)
    (49 F.Fab user)
  )

  (setup
    (last_trace_width 0.15)
    (user_trace_width 0.2)
    (user_trace_width 0.4)
    (trace_clearance 0.127)
    (zone_clearance 0.508)
    (zone_45_only no)
    (trace_min 0.127)
    (via_size 0.6)
    (via_drill 0.3)
    (via_min_size 0.6)
    (via_min_drill 0.3)
    (user_via 0.6 0.3)
    (user_via 0.9 0.45)
    (uvia_size 0.6858)
    (uvia_drill 0.3302)
    (uvias_allowed no)
    (uvia_min_size 0)
    (uvia_min_drill 0)
    (edge_width 0.0381)
    (segment_width 0.254)
    (pcb_text_width 0.3048)
    (pcb_text_size 1.524 1.524)
    (mod_edge_width 0.1524)
    (mod_text_size 0.8128 0.8128)
    (mod_text_width 0.1524)
    (pad_size 1.524 1.524)
    (pad_drill 0.762)
    (pad_to_mask_clearance 0)
    (aux_axis_origin 0 0)
    (visible_elements FFFFFF7F)
    (pcbplotparams
      (layerselection 0x010fc_ffffffff)
      (usegerberextensions true)
      (usegerberattributes false)
      (usegerberadvancedattributes false)
      (creategerberjobfile false)
      (excludeedgelayer true)
      (linewidth 0.150000)
      (plotframeref false)
      (viasonmask false)
      (mode 1)
      (useauxorigin false)
      (hpglpennumber 1)
      (hpglpenspeed 20)
      (hpglpendiameter 15.000000)
      (psnegative false)
      (psa4output false)
      (plotreference true)
      (plotvalue true)
      (plotinvisibletext false)
      (padsonsilk false)
      (subtractmaskfromsilk true)
      (outputformat 1)
      (mirror false)
      (drillshape 0)
      (scaleselection 1)
      (outputdirectory "output/"))
  )

  (net 0 "")
  (net 1 "Net-(C1-Pad2)")
  (net 2 GND)
  (net 3 XTAL2)
  (net 4 XTAL1)
  (net 5 VCC)
  (net 6 "Net-(D1-Pad2)")
  (net 7 row0)
  (net 8 "Net-(D2-Pad2)")
  (net 9 "Net-(D3-Pad2)")
  (net 10 "Net-(D4-Pad2)")
  (net 11 "Net-(D5-Pad2)")
  (net 12 "Net-(D6-Pad2)")
  (net 13 "Net-(D7-Pad2)")
  (net 14 "Net-(D8-Pad2)")
  (net 15 row1)
  (net 16 "Net-(D9-Pad2)")
  (net 17 "Net-(D10-Pad2)")
  (net 18 "Net-(D11-Pad2)")
  (net 19 "Net-(D12-Pad2)")
  (net 20 "Net-(D13-Pad2)")
  (net 21 row2)
  (net 22 "Net-(D14-Pad2)")
  (net 23 "Net-(D15-Pad2)")
  (net 24 "Net-(D16-Pad2)")
  (net 25 "Net-(D17-Pad2)")
  (net 26 "Net-(D18-Pad2)")
  (net 27 "Net-(D19-Pad2)")
  (net 28 "Net-(D20-Pad2)")
  (net 29 row3)
  (net 30 "Net-(D21-Pad2)")
  (net 31 "Net-(D22-Pad2)")
  (net 32 "Net-(D23-Pad2)")
  (net 33 "Net-(D24-Pad2)")
  (net 34 "Net-(D25-Pad2)")
  (net 35 "Net-(D26-Pad2)")
  (net 36 row4)
  (net 37 "Net-(D27-Pad2)")
  (net 38 "Net-(D28-Pad2)")
  (net 39 D-)
  (net 40 D+)
  (net 41 "Net-(J1-Pad4)")
  (net 42 "Net-(J2-PadA)")
  (net 43 data)
  (net 44 RESET)
  (net 45 SOLK)
  (net 46 MOSI)
  (net 47 MISO)
  (net 48 col0)
  (net 49 col1)
  (net 50 col2)
  (net 51 col3)
  (net 52 "Net-(U1-Pad8)")
  (net 53 "Net-(U1-Pad12)")
  (net 54 "Net-(U1-Pad18)")
  (net 55 "Net-(U1-Pad19)")
  (net 56 "Net-(U1-Pad21)")
  (net 57 "Net-(U1-Pad22)")
  (net 58 "Net-(U1-Pad26)")
  (net 59 "Net-(U1-Pad29)")
  (net 60 "Net-(U1-Pad30)")
  (net 61 "Net-(U1-Pad32)")
  (net 62 "Net-(U1-Pad40)")
  (net 63 "Net-(U1-Pad41)")
  (net 64 "Net-(U1-Pad42)")

  (net_class Default "これはデフォルトのネット クラスです。"
    (clearance 0.127)
    (trace_width 0.15)
    (via_dia 0.6)
    (via_drill 0.3)
    (uvia_dia 0.6858)
    (uvia_drill 0.3302)
    (diff_pair_width 0.1524)
    (diff_pair_gap 0)
    (add_net D+)
    (add_net D-)
    (add_net GND)
    (add_net MISO)
    (add_net MOSI)
    (add_net "Net-(C1-Pad2)")
    (add_net "Net-(D1-Pad2)")
    (add_net "Net-(D10-Pad2)")
    (add_net "Net-(D11-Pad2)")
    (add_net "Net-(D12-Pad2)")
    (add_net "Net-(D13-Pad2)")
    (add_net "Net-(D14-Pad2)")
    (add_net "Net-(D15-Pad2)")
    (add_net "Net-(D16-Pad2)")
    (add_net "Net-(D17-Pad2)")
    (add_net "Net-(D18-Pad2)")
    (add_net "Net-(D19-Pad2)")
    (add_net "Net-(D2-Pad2)")
    (add_net "Net-(D20-Pad2)")
    (add_net "Net-(D21-Pad2)")
    (add_net "Net-(D22-Pad2)")
    (add_net "Net-(D23-Pad2)")
    (add_net "Net-(D24-Pad2)")
    (add_net "Net-(D25-Pad2)")
    (add_net "Net-(D26-Pad2)")
    (add_net "Net-(D27-Pad2)")
    (add_net "Net-(D28-Pad2)")
    (add_net "Net-(D3-Pad2)")
    (add_net "Net-(D4-Pad2)")
    (add_net "Net-(D5-Pad2)")
    (add_net "Net-(D6-Pad2)")
    (add_net "Net-(D7-Pad2)")
    (add_net "Net-(D8-Pad2)")
    (add_net "Net-(D9-Pad2)")
    (add_net "Net-(J1-Pad4)")
    (add_net "Net-(J2-PadA)")
    (add_net "Net-(U1-Pad12)")
    (add_net "Net-(U1-Pad18)")
    (add_net "Net-(U1-Pad19)")
    (add_net "Net-(U1-Pad21)")
    (add_net "Net-(U1-Pad22)")
    (add_net "Net-(U1-Pad26)")
    (add_net "Net-(U1-Pad29)")
    (add_net "Net-(U1-Pad30)")
    (add_net "Net-(U1-Pad32)")
    (add_net "Net-(U1-Pad40)")
    (add_net "Net-(U1-Pad41)")
    (add_net "Net-(U1-Pad42)")
    (add_net "Net-(U1-Pad8)")
    (add_net RESET)
    (add_net SOLK)
    (add_net VCC)
    (add_net XTAL1)
    (add_net XTAL2)
    (add_net col0)
    (add_net col1)
    (add_net col2)
    (add_net col3)
    (add_net data)
    (add_net row0)
    (add_net row1)
    (add_net row2)
    (add_net row3)
    (add_net row4)
  )

  (module kbd:HOLE (layer F.Cu) (tedit 5CC0625B) (tstamp 61E863D1)
    (at 46.99 107.95)
    (descr "Mounting Hole 2.2mm, no annular, M2")
    (tags "mounting hole 2.2mm no annular m2")
    (attr virtual)
    (fp_text reference Ref** (at 0 -3.2) (layer F.Fab)
      (effects (font (size 1 1) (thickness 0.15)))
    )
    (fp_text value Val** (at 0 3.2) (layer F.Fab)
      (effects (font (size 1 1) (thickness 0.15)))
    )
    (fp_circle (center 0 0) (end 2.45 0) (layer F.CrtYd) (width 0.05))
    (fp_circle (center 0 0) (end 2.2 0) (layer Cmts.User) (width 0.15))
    (fp_text user %R (at 0.3 0) (layer F.Fab)
      (effects (font (size 1 1) (thickness 0.15)))
    )
    (pad "" np_thru_hole circle (at 0 0) (size 5 5) (drill 4.8) (layers *.Cu *.Mask))
  )

  (module kbd:HOLE (layer F.Cu) (tedit 5CC0625B) (tstamp 61E863C3)
    (at 146.05 112.268)
    (descr "Mounting Hole 2.2mm, no annular, M2")
    (tags "mounting hole 2.2mm no annular m2")
    (attr virtual)
    (fp_text reference Ref** (at 0 -3.2) (layer F.Fab)
      (effects (font (size 1 1) (thickness 0.15)))
    )
    (fp_text value Val** (at 0 3.2) (layer F.Fab)
      (effects (font (size 1 1) (thickness 0.15)))
    )
    (fp_circle (center 0 0) (end 2.2 0) (layer Cmts.User) (width 0.15))
    (fp_circle (center 0 0) (end 2.45 0) (layer F.CrtYd) (width 0.05))
    (fp_text user %R (at 0.3 0) (layer F.Fab)
      (effects (font (size 1 1) (thickness 0.15)))
    )
    (pad "" np_thru_hole circle (at 0 0) (size 5 5) (drill 4.8) (layers *.Cu *.Mask))
  )

  (module kbd:HOLE (layer F.Cu) (tedit 5CC0625B) (tstamp 61E863B5)
    (at 51.054 45.974)
    (descr "Mounting Hole 2.2mm, no annular, M2")
    (tags "mounting hole 2.2mm no annular m2")
    (attr virtual)
    (fp_text reference Ref** (at 0 -3.2) (layer F.Fab)
      (effects (font (size 1 1) (thickness 0.15)))
    )
    (fp_text value Val** (at 0 3.2) (layer F.Fab)
      (effects (font (size 1 1) (thickness 0.15)))
    )
    (fp_circle (center 0 0) (end 2.45 0) (layer F.CrtYd) (width 0.05))
    (fp_circle (center 0 0) (end 2.2 0) (layer Cmts.User) (width 0.15))
    (fp_text user %R (at 0.3 0) (layer F.Fab)
      (effects (font (size 1 1) (thickness 0.15)))
    )
    (pad "" np_thru_hole circle (at 0 0) (size 5 5) (drill 4.8) (layers *.Cu *.Mask))
  )

  (module kbd:HOLE (layer F.Cu) (tedit 5CC0625B) (tstamp 61E863B4)
    (at 151.384 46.482)
    (descr "Mounting Hole 2.2mm, no annular, M2")
    (tags "mounting hole 2.2mm no annular m2")
    (attr virtual)
    (fp_text reference Ref** (at 0 -3.2) (layer F.Fab)
      (effects (font (size 1 1) (thickness 0.15)))
    )
    (fp_text value Val** (at 0 3.2) (layer F.Fab)
      (effects (font (size 1 1) (thickness 0.15)))
    )
    (fp_circle (center 0 0) (end 2.2 0) (layer Cmts.User) (width 0.15))
    (fp_circle (center 0 0) (end 2.45 0) (layer F.CrtYd) (width 0.05))
    (fp_text user %R (at 0.3 0) (layer F.Fab)
      (effects (font (size 1 1) (thickness 0.15)))
    )
    (pad "" np_thru_hole circle (at 0 0) (size 5 5) (drill 4.8) (layers *.Cu *.Mask))
  )

  (module MX_Only:MXOnly-1U-Hotswap (layer F.Cu) (tedit 60F271EF) (tstamp 61E6FDA5)
    (at 63.5 111.125 180)
    (path /61E6A59B)
    (attr smd)
    (fp_text reference SW26 (at 0 3.175) (layer B.Fab)
      (effects (font (size 1 1) (thickness 0.15)) (justify mirror))
    )
    (fp_text value SW_PUSH (at 0 -7.9375) (layer Dwgs.User)
      (effects (font (size 1 1) (thickness 0.15)))
    )
    (fp_line (start -0.4 -2.6) (end 5.3 -2.6) (layer B.CrtYd) (width 0.127))
    (fp_line (start -6.5 -0.6) (end -2.4 -0.6) (layer B.CrtYd) (width 0.127))
    (fp_line (start -6.5 -4.5) (end -6.5 -0.6) (layer B.CrtYd) (width 0.127))
    (fp_line (start 5.3 -7) (end -4 -7) (layer B.CrtYd) (width 0.127))
    (fp_line (start 5.3 -7) (end 5.3 -2.6) (layer B.CrtYd) (width 0.127))
    (fp_line (start -5.842 -1.27) (end -5.842 -3.81) (layer B.CrtYd) (width 0.15))
    (fp_line (start -8.382 -1.27) (end -5.842 -1.27) (layer B.CrtYd) (width 0.15))
    (fp_line (start -8.382 -3.81) (end -8.382 -1.27) (layer B.CrtYd) (width 0.15))
    (fp_line (start -5.842 -3.81) (end -8.382 -3.81) (layer B.CrtYd) (width 0.15))
    (fp_line (start 4.572 -3.81) (end 4.572 -6.35) (layer B.CrtYd) (width 0.15))
    (fp_line (start 7.112 -3.81) (end 4.572 -3.81) (layer B.CrtYd) (width 0.15))
    (fp_line (start 7.112 -6.35) (end 7.112 -3.81) (layer B.CrtYd) (width 0.15))
    (fp_line (start 4.572 -6.35) (end 7.112 -6.35) (layer B.CrtYd) (width 0.15))
    (fp_circle (center -3.81 -2.54) (end -3.81 -4.064) (layer B.CrtYd) (width 0.15))
    (fp_circle (center 2.54 -5.08) (end 2.54 -6.604) (layer B.CrtYd) (width 0.15))
    (fp_line (start -9.525 9.525) (end -9.525 -9.525) (layer Dwgs.User) (width 0.15))
    (fp_line (start 9.525 9.525) (end -9.525 9.525) (layer Dwgs.User) (width 0.15))
    (fp_line (start 9.525 -9.525) (end 9.525 9.525) (layer Dwgs.User) (width 0.15))
    (fp_line (start -9.525 -9.525) (end 9.525 -9.525) (layer Dwgs.User) (width 0.15))
    (fp_line (start -7 -7) (end -7 -5) (layer Dwgs.User) (width 0.15))
    (fp_line (start -5 -7) (end -7 -7) (layer Dwgs.User) (width 0.15))
    (fp_line (start -7 7) (end -5 7) (layer Dwgs.User) (width 0.15))
    (fp_line (start -7 5) (end -7 7) (layer Dwgs.User) (width 0.15))
    (fp_line (start 7 7) (end 7 5) (layer Dwgs.User) (width 0.15))
    (fp_line (start 5 7) (end 7 7) (layer Dwgs.User) (width 0.15))
    (fp_line (start 7 -7) (end 7 -5) (layer Dwgs.User) (width 0.15))
    (fp_line (start 5 -7) (end 7 -7) (layer Dwgs.User) (width 0.15))
    (fp_arc (start -4 -4.5) (end -6.5 -4.5) (angle 90) (layer B.CrtYd) (width 0.127))
    (fp_arc (start -0.4 -0.6) (end -2.4 -0.6) (angle 90) (layer B.CrtYd) (width 0.127))
    (pad "" np_thru_hole circle (at 2.54 -5.08 180) (size 3 3) (drill 3) (layers *.Cu *.Mask))
    (pad "" np_thru_hole circle (at 0 0 180) (size 3.9878 3.9878) (drill 3.9878) (layers *.Cu *.Mask))
    (pad "" np_thru_hole circle (at -3.81 -2.54 180) (size 3 3) (drill 3) (layers *.Cu *.Mask))
    (pad "" np_thru_hole circle (at -5.08 0 228.0996) (size 1.75 1.75) (drill 1.75) (layers *.Cu *.Mask))
    (pad "" np_thru_hole circle (at 5.08 0 228.0996) (size 1.75 1.75) (drill 1.75) (layers *.Cu *.Mask))
    (pad 1 smd rect (at -7.085 -2.54 180) (size 2.55 2.5) (layers B.Cu B.Paste B.Mask)
      (net 48 col0))
    (pad 2 smd rect (at 5.842 -5.08 180) (size 2.55 2.5) (layers B.Cu B.Paste B.Mask)
      (net 35 "Net-(D26-Pad2)"))
    (model ${KILIB}/MX_Alps_Hybrid.pretty/MX_Only.pretty/3d_shapes/CPG151101S11.wrl
      (offset (xyz 0 0 -1.4868))
      (scale (xyz 0.393701 0.3937 0.393701))
      (rotate (xyz 0 0 0))
    )
  )

  (module MX_Only:MXOnly-1U-Hotswap (layer F.Cu) (tedit 60F271EF) (tstamp 61E6FA31)
    (at 92.074999 34.925 180)
    (path /61E32F35)
    (attr smd)
    (fp_text reference SW4 (at 0 3.175) (layer B.Fab)
      (effects (font (size 1 1) (thickness 0.15)) (justify mirror))
    )
    (fp_text value SW_PUSH (at 0 -7.9375) (layer Dwgs.User)
      (effects (font (size 1 1) (thickness 0.15)))
    )
    (fp_line (start 5 -7) (end 7 -7) (layer Dwgs.User) (width 0.15))
    (fp_line (start 7 -7) (end 7 -5) (layer Dwgs.User) (width 0.15))
    (fp_line (start 5 7) (end 7 7) (layer Dwgs.User) (width 0.15))
    (fp_line (start 7 7) (end 7 5) (layer Dwgs.User) (width 0.15))
    (fp_line (start -7 5) (end -7 7) (layer Dwgs.User) (width 0.15))
    (fp_line (start -7 7) (end -5 7) (layer Dwgs.User) (width 0.15))
    (fp_line (start -5 -7) (end -7 -7) (layer Dwgs.User) (width 0.15))
    (fp_line (start -7 -7) (end -7 -5) (layer Dwgs.User) (width 0.15))
    (fp_line (start -9.525 -9.525) (end 9.525 -9.525) (layer Dwgs.User) (width 0.15))
    (fp_line (start 9.525 -9.525) (end 9.525 9.525) (layer Dwgs.User) (width 0.15))
    (fp_line (start 9.525 9.525) (end -9.525 9.525) (layer Dwgs.User) (width 0.15))
    (fp_line (start -9.525 9.525) (end -9.525 -9.525) (layer Dwgs.User) (width 0.15))
    (fp_circle (center 2.54 -5.08) (end 2.54 -6.604) (layer B.CrtYd) (width 0.15))
    (fp_circle (center -3.81 -2.54) (end -3.81 -4.064) (layer B.CrtYd) (width 0.15))
    (fp_line (start 4.572 -6.35) (end 7.112 -6.35) (layer B.CrtYd) (width 0.15))
    (fp_line (start 7.112 -6.35) (end 7.112 -3.81) (layer B.CrtYd) (width 0.15))
    (fp_line (start 7.112 -3.81) (end 4.572 -3.81) (layer B.CrtYd) (width 0.15))
    (fp_line (start 4.572 -3.81) (end 4.572 -6.35) (layer B.CrtYd) (width 0.15))
    (fp_line (start -5.842 -3.81) (end -8.382 -3.81) (layer B.CrtYd) (width 0.15))
    (fp_line (start -8.382 -3.81) (end -8.382 -1.27) (layer B.CrtYd) (width 0.15))
    (fp_line (start -8.382 -1.27) (end -5.842 -1.27) (layer B.CrtYd) (width 0.15))
    (fp_line (start -5.842 -1.27) (end -5.842 -3.81) (layer B.CrtYd) (width 0.15))
    (fp_line (start 5.3 -7) (end 5.3 -2.6) (layer B.CrtYd) (width 0.127))
    (fp_line (start 5.3 -7) (end -4 -7) (layer B.CrtYd) (width 0.127))
    (fp_line (start -6.5 -4.5) (end -6.5 -0.6) (layer B.CrtYd) (width 0.127))
    (fp_line (start -6.5 -0.6) (end -2.4 -0.6) (layer B.CrtYd) (width 0.127))
    (fp_line (start -0.4 -2.6) (end 5.3 -2.6) (layer B.CrtYd) (width 0.127))
    (fp_arc (start -0.4 -0.6) (end -2.4 -0.6) (angle 90) (layer B.CrtYd) (width 0.127))
    (fp_arc (start -4 -4.5) (end -6.5 -4.5) (angle 90) (layer B.CrtYd) (width 0.127))
    (pad 2 smd rect (at 5.842 -5.08 180) (size 2.55 2.5) (layers B.Cu B.Paste B.Mask)
      (net 10 "Net-(D4-Pad2)"))
    (pad 1 smd rect (at -7.085 -2.54 180) (size 2.55 2.5) (layers B.Cu B.Paste B.Mask)
      (net 51 col3))
    (pad "" np_thru_hole circle (at 5.08 0 228.0996) (size 1.75 1.75) (drill 1.75) (layers *.Cu *.Mask))
    (pad "" np_thru_hole circle (at -5.08 0 228.0996) (size 1.75 1.75) (drill 1.75) (layers *.Cu *.Mask))
    (pad "" np_thru_hole circle (at -3.81 -2.54 180) (size 3 3) (drill 3) (layers *.Cu *.Mask))
    (pad "" np_thru_hole circle (at 0 0 180) (size 3.9878 3.9878) (drill 3.9878) (layers *.Cu *.Mask))
    (pad "" np_thru_hole circle (at 2.54 -5.08 180) (size 3 3) (drill 3) (layers *.Cu *.Mask))
    (model ${KILIB}/MX_Alps_Hybrid.pretty/MX_Only.pretty/3d_shapes/CPG151101S11.wrl
      (offset (xyz 0 0 -1.4868))
      (scale (xyz 0.393701 0.3937 0.393701))
      (rotate (xyz 0 0 0))
    )
  )

  (module MX_Only:MXOnly-1U-Hotswap (layer F.Cu) (tedit 60F271EF) (tstamp 61E6F9E1)
    (at 53.975 34.925 180)
    (path /61DECEED)
    (attr smd)
    (fp_text reference SW2 (at 0 3.175) (layer B.Fab)
      (effects (font (size 1 1) (thickness 0.15)) (justify mirror))
    )
    (fp_text value SW_PUSH (at 0 -7.9375) (layer Dwgs.User)
      (effects (font (size 1 1) (thickness 0.15)))
    )
    (fp_line (start 5 -7) (end 7 -7) (layer Dwgs.User) (width 0.15))
    (fp_line (start 7 -7) (end 7 -5) (layer Dwgs.User) (width 0.15))
    (fp_line (start 5 7) (end 7 7) (layer Dwgs.User) (width 0.15))
    (fp_line (start 7 7) (end 7 5) (layer Dwgs.User) (width 0.15))
    (fp_line (start -7 5) (end -7 7) (layer Dwgs.User) (width 0.15))
    (fp_line (start -7 7) (end -5 7) (layer Dwgs.User) (width 0.15))
    (fp_line (start -5 -7) (end -7 -7) (layer Dwgs.User) (width 0.15))
    (fp_line (start -7 -7) (end -7 -5) (layer Dwgs.User) (width 0.15))
    (fp_line (start -9.525 -9.525) (end 9.525 -9.525) (layer Dwgs.User) (width 0.15))
    (fp_line (start 9.525 -9.525) (end 9.525 9.525) (layer Dwgs.User) (width 0.15))
    (fp_line (start 9.525 9.525) (end -9.525 9.525) (layer Dwgs.User) (width 0.15))
    (fp_line (start -9.525 9.525) (end -9.525 -9.525) (layer Dwgs.User) (width 0.15))
    (fp_circle (center 2.54 -5.08) (end 2.54 -6.604) (layer B.CrtYd) (width 0.15))
    (fp_circle (center -3.81 -2.54) (end -3.81 -4.064) (layer B.CrtYd) (width 0.15))
    (fp_line (start 4.572 -6.35) (end 7.112 -6.35) (layer B.CrtYd) (width 0.15))
    (fp_line (start 7.112 -6.35) (end 7.112 -3.81) (layer B.CrtYd) (width 0.15))
    (fp_line (start 7.112 -3.81) (end 4.572 -3.81) (layer B.CrtYd) (width 0.15))
    (fp_line (start 4.572 -3.81) (end 4.572 -6.35) (layer B.CrtYd) (width 0.15))
    (fp_line (start -5.842 -3.81) (end -8.382 -3.81) (layer B.CrtYd) (width 0.15))
    (fp_line (start -8.382 -3.81) (end -8.382 -1.27) (layer B.CrtYd) (width 0.15))
    (fp_line (start -8.382 -1.27) (end -5.842 -1.27) (layer B.CrtYd) (width 0.15))
    (fp_line (start -5.842 -1.27) (end -5.842 -3.81) (layer B.CrtYd) (width 0.15))
    (fp_line (start 5.3 -7) (end 5.3 -2.6) (layer B.CrtYd) (width 0.127))
    (fp_line (start 5.3 -7) (end -4 -7) (layer B.CrtYd) (width 0.127))
    (fp_line (start -6.5 -4.5) (end -6.5 -0.6) (layer B.CrtYd) (width 0.127))
    (fp_line (start -6.5 -0.6) (end -2.4 -0.6) (layer B.CrtYd) (width 0.127))
    (fp_line (start -0.4 -2.6) (end 5.3 -2.6) (layer B.CrtYd) (width 0.127))
    (fp_arc (start -0.4 -0.6) (end -2.4 -0.6) (angle 90) (layer B.CrtYd) (width 0.127))
    (fp_arc (start -4 -4.5) (end -6.5 -4.5) (angle 90) (layer B.CrtYd) (width 0.127))
    (pad 2 smd rect (at 5.842 -5.08 180) (size 2.55 2.5) (layers B.Cu B.Paste B.Mask)
      (net 8 "Net-(D2-Pad2)"))
    (pad 1 smd rect (at -7.085 -2.54 180) (size 2.55 2.5) (layers B.Cu B.Paste B.Mask)
      (net 49 col1))
    (pad "" np_thru_hole circle (at 5.08 0 228.0996) (size 1.75 1.75) (drill 1.75) (layers *.Cu *.Mask))
    (pad "" np_thru_hole circle (at -5.08 0 228.0996) (size 1.75 1.75) (drill 1.75) (layers *.Cu *.Mask))
    (pad "" np_thru_hole circle (at -3.81 -2.54 180) (size 3 3) (drill 3) (layers *.Cu *.Mask))
    (pad "" np_thru_hole circle (at 0 0 180) (size 3.9878 3.9878) (drill 3.9878) (layers *.Cu *.Mask))
    (pad "" np_thru_hole circle (at 2.54 -5.08 180) (size 3 3) (drill 3) (layers *.Cu *.Mask))
    (model ${KILIB}/MX_Alps_Hybrid.pretty/MX_Only.pretty/3d_shapes/CPG151101S11.wrl
      (offset (xyz 0 0 -1.4868))
      (scale (xyz 0.393701 0.3937 0.393701))
      (rotate (xyz 0 0 0))
    )
  )

  (module Capacitor_SMD:C_0603_1608Metric (layer B.Cu) (tedit 5F68FEEE) (tstamp 61E6F5DD)
    (at 108.966 116.84)
    (descr "Capacitor SMD 0603 (1608 Metric), square (rectangular) end terminal, IPC_7351 nominal, (Body size source: IPC-SM-782 page 76, https://www.pcb-3d.com/wordpress/wp-content/uploads/ipc-sm-782a_amendment_1_and_2.pdf), generated with kicad-footprint-generator")
    (tags capacitor)
    (path /61DCE88B)
    (attr smd)
    (fp_text reference C1 (at 0 1.43) (layer B.SilkS)
      (effects (font (size 1 1) (thickness 0.15)) (justify mirror))
    )
    (fp_text value 1uF (at 0 -1.43) (layer B.Fab)
      (effects (font (size 1 1) (thickness 0.15)) (justify mirror))
    )
    (fp_line (start -0.8 -0.4) (end -0.8 0.4) (layer B.Fab) (width 0.1))
    (fp_line (start -0.8 0.4) (end 0.8 0.4) (layer B.Fab) (width 0.1))
    (fp_line (start 0.8 0.4) (end 0.8 -0.4) (layer B.Fab) (width 0.1))
    (fp_line (start 0.8 -0.4) (end -0.8 -0.4) (layer B.Fab) (width 0.1))
    (fp_line (start -0.14058 0.51) (end 0.14058 0.51) (layer B.SilkS) (width 0.12))
    (fp_line (start -0.14058 -0.51) (end 0.14058 -0.51) (layer B.SilkS) (width 0.12))
    (fp_line (start -1.48 -0.73) (end -1.48 0.73) (layer B.CrtYd) (width 0.05))
    (fp_line (start -1.48 0.73) (end 1.48 0.73) (layer B.CrtYd) (width 0.05))
    (fp_line (start 1.48 0.73) (end 1.48 -0.73) (layer B.CrtYd) (width 0.05))
    (fp_line (start 1.48 -0.73) (end -1.48 -0.73) (layer B.CrtYd) (width 0.05))
    (fp_text user %R (at 0 0) (layer B.Fab)
      (effects (font (size 0.4 0.4) (thickness 0.06)) (justify mirror))
    )
    (pad 2 smd roundrect (at 0.775 0) (size 0.9 0.95) (layers B.Cu B.Paste B.Mask) (roundrect_rratio 0.25)
      (net 1 "Net-(C1-Pad2)"))
    (pad 1 smd roundrect (at -0.775 0) (size 0.9 0.95) (layers B.Cu B.Paste B.Mask) (roundrect_rratio 0.25)
      (net 2 GND))
    (model ${KISYS3DMOD}/Capacitor_SMD.3dshapes/C_0603_1608Metric.wrl
      (at (xyz 0 0 0))
      (scale (xyz 1 1 1))
      (rotate (xyz 0 0 0))
    )
  )

  (module Capacitor_SMD:C_0603_1608Metric (layer B.Cu) (tedit 5F68FEEE) (tstamp 61E6F5EE)
    (at 105.918 116.84 270)
    (descr "Capacitor SMD 0603 (1608 Metric), square (rectangular) end terminal, IPC_7351 nominal, (Body size source: IPC-SM-782 page 76, https://www.pcb-3d.com/wordpress/wp-content/uploads/ipc-sm-782a_amendment_1_and_2.pdf), generated with kicad-footprint-generator")
    (tags capacitor)
    (path /61E6ABE2)
    (attr smd)
    (fp_text reference C2 (at 2.286 0 180) (layer B.SilkS)
      (effects (font (size 1 1) (thickness 0.15)) (justify mirror))
    )
    (fp_text value 22pF (at 0 -1.43 90) (layer B.Fab)
      (effects (font (size 1 1) (thickness 0.15)) (justify mirror))
    )
    (fp_line (start 1.48 -0.73) (end -1.48 -0.73) (layer B.CrtYd) (width 0.05))
    (fp_line (start 1.48 0.73) (end 1.48 -0.73) (layer B.CrtYd) (width 0.05))
    (fp_line (start -1.48 0.73) (end 1.48 0.73) (layer B.CrtYd) (width 0.05))
    (fp_line (start -1.48 -0.73) (end -1.48 0.73) (layer B.CrtYd) (width 0.05))
    (fp_line (start -0.14058 -0.51) (end 0.14058 -0.51) (layer B.SilkS) (width 0.12))
    (fp_line (start -0.14058 0.51) (end 0.14058 0.51) (layer B.SilkS) (width 0.12))
    (fp_line (start 0.8 -0.4) (end -0.8 -0.4) (layer B.Fab) (width 0.1))
    (fp_line (start 0.8 0.4) (end 0.8 -0.4) (layer B.Fab) (width 0.1))
    (fp_line (start -0.8 0.4) (end 0.8 0.4) (layer B.Fab) (width 0.1))
    (fp_line (start -0.8 -0.4) (end -0.8 0.4) (layer B.Fab) (width 0.1))
    (fp_text user %R (at 0 0 90) (layer B.Fab)
      (effects (font (size 0.4 0.4) (thickness 0.06)) (justify mirror))
    )
    (pad 1 smd roundrect (at -0.775 0 270) (size 0.9 0.95) (layers B.Cu B.Paste B.Mask) (roundrect_rratio 0.25)
      (net 2 GND))
    (pad 2 smd roundrect (at 0.775 0 270) (size 0.9 0.95) (layers B.Cu B.Paste B.Mask) (roundrect_rratio 0.25)
      (net 3 XTAL2))
    (model ${KISYS3DMOD}/Capacitor_SMD.3dshapes/C_0603_1608Metric.wrl
      (at (xyz 0 0 0))
      (scale (xyz 1 1 1))
      (rotate (xyz 0 0 0))
    )
  )

  (module Capacitor_SMD:C_0603_1608Metric (layer B.Cu) (tedit 5F68FEEE) (tstamp 61E6F5FF)
    (at 99.822 116.84 90)
    (descr "Capacitor SMD 0603 (1608 Metric), square (rectangular) end terminal, IPC_7351 nominal, (Body size source: IPC-SM-782 page 76, https://www.pcb-3d.com/wordpress/wp-content/uploads/ipc-sm-782a_amendment_1_and_2.pdf), generated with kicad-footprint-generator")
    (tags capacitor)
    (path /61E6B84C)
    (attr smd)
    (fp_text reference C3 (at -2.286 0 180) (layer B.SilkS)
      (effects (font (size 1 1) (thickness 0.15)) (justify mirror))
    )
    (fp_text value 22pF (at 0 -1.43 90) (layer B.Fab)
      (effects (font (size 1 1) (thickness 0.15)) (justify mirror))
    )
    (fp_line (start -0.8 -0.4) (end -0.8 0.4) (layer B.Fab) (width 0.1))
    (fp_line (start -0.8 0.4) (end 0.8 0.4) (layer B.Fab) (width 0.1))
    (fp_line (start 0.8 0.4) (end 0.8 -0.4) (layer B.Fab) (width 0.1))
    (fp_line (start 0.8 -0.4) (end -0.8 -0.4) (layer B.Fab) (width 0.1))
    (fp_line (start -0.14058 0.51) (end 0.14058 0.51) (layer B.SilkS) (width 0.12))
    (fp_line (start -0.14058 -0.51) (end 0.14058 -0.51) (layer B.SilkS) (width 0.12))
    (fp_line (start -1.48 -0.73) (end -1.48 0.73) (layer B.CrtYd) (width 0.05))
    (fp_line (start -1.48 0.73) (end 1.48 0.73) (layer B.CrtYd) (width 0.05))
    (fp_line (start 1.48 0.73) (end 1.48 -0.73) (layer B.CrtYd) (width 0.05))
    (fp_line (start 1.48 -0.73) (end -1.48 -0.73) (layer B.CrtYd) (width 0.05))
    (fp_text user %R (at 0 0 90) (layer B.Fab)
      (effects (font (size 0.4 0.4) (thickness 0.06)) (justify mirror))
    )
    (pad 2 smd roundrect (at 0.775 0 90) (size 0.9 0.95) (layers B.Cu B.Paste B.Mask) (roundrect_rratio 0.25)
      (net 4 XTAL1))
    (pad 1 smd roundrect (at -0.775 0 90) (size 0.9 0.95) (layers B.Cu B.Paste B.Mask) (roundrect_rratio 0.25)
      (net 2 GND))
    (model ${KISYS3DMOD}/Capacitor_SMD.3dshapes/C_0603_1608Metric.wrl
      (at (xyz 0 0 0))
      (scale (xyz 1 1 1))
      (rotate (xyz 0 0 0))
    )
  )

  (module Capacitor_SMD:C_0603_1608Metric (layer B.Cu) (tedit 5F68FEEE) (tstamp 61E6F610)
    (at 41.148 117.348 90)
    (descr "Capacitor SMD 0603 (1608 Metric), square (rectangular) end terminal, IPC_7351 nominal, (Body size source: IPC-SM-782 page 76, https://www.pcb-3d.com/wordpress/wp-content/uploads/ipc-sm-782a_amendment_1_and_2.pdf), generated with kicad-footprint-generator")
    (tags capacitor)
    (path /61E02400)
    (attr smd)
    (fp_text reference C4 (at -2.286 0 180) (layer B.SilkS)
      (effects (font (size 1 1) (thickness 0.15)) (justify mirror))
    )
    (fp_text value 100nF (at 0 -1.43 90) (layer B.Fab)
      (effects (font (size 1 1) (thickness 0.15)) (justify mirror))
    )
    (fp_line (start 1.48 -0.73) (end -1.48 -0.73) (layer B.CrtYd) (width 0.05))
    (fp_line (start 1.48 0.73) (end 1.48 -0.73) (layer B.CrtYd) (width 0.05))
    (fp_line (start -1.48 0.73) (end 1.48 0.73) (layer B.CrtYd) (width 0.05))
    (fp_line (start -1.48 -0.73) (end -1.48 0.73) (layer B.CrtYd) (width 0.05))
    (fp_line (start -0.14058 -0.51) (end 0.14058 -0.51) (layer B.SilkS) (width 0.12))
    (fp_line (start -0.14058 0.51) (end 0.14058 0.51) (layer B.SilkS) (width 0.12))
    (fp_line (start 0.8 -0.4) (end -0.8 -0.4) (layer B.Fab) (width 0.1))
    (fp_line (start 0.8 0.4) (end 0.8 -0.4) (layer B.Fab) (width 0.1))
    (fp_line (start -0.8 0.4) (end 0.8 0.4) (layer B.Fab) (width 0.1))
    (fp_line (start -0.8 -0.4) (end -0.8 0.4) (layer B.Fab) (width 0.1))
    (fp_text user %R (at 0 0 90) (layer B.Fab)
      (effects (font (size 0.4 0.4) (thickness 0.06)) (justify mirror))
    )
    (pad 1 smd roundrect (at -0.775 0 90) (size 0.9 0.95) (layers B.Cu B.Paste B.Mask) (roundrect_rratio 0.25)
      (net 5 VCC))
    (pad 2 smd roundrect (at 0.775 0 90) (size 0.9 0.95) (layers B.Cu B.Paste B.Mask) (roundrect_rratio 0.25)
      (net 2 GND))
    (model ${KISYS3DMOD}/Capacitor_SMD.3dshapes/C_0603_1608Metric.wrl
      (at (xyz 0 0 0))
      (scale (xyz 1 1 1))
      (rotate (xyz 0 0 0))
    )
  )

  (module Capacitor_SMD:C_0603_1608Metric (layer B.Cu) (tedit 5F68FEEE) (tstamp 61E6F621)
    (at 43.942 117.348 90)
    (descr "Capacitor SMD 0603 (1608 Metric), square (rectangular) end terminal, IPC_7351 nominal, (Body size source: IPC-SM-782 page 76, https://www.pcb-3d.com/wordpress/wp-content/uploads/ipc-sm-782a_amendment_1_and_2.pdf), generated with kicad-footprint-generator")
    (tags capacitor)
    (path /61E0B6A6)
    (attr smd)
    (fp_text reference C5 (at -2.286 0 180) (layer B.SilkS)
      (effects (font (size 1 1) (thickness 0.15)) (justify mirror))
    )
    (fp_text value 100nF (at 0 -1.43 90) (layer B.Fab)
      (effects (font (size 1 1) (thickness 0.15)) (justify mirror))
    )
    (fp_line (start 1.48 -0.73) (end -1.48 -0.73) (layer B.CrtYd) (width 0.05))
    (fp_line (start 1.48 0.73) (end 1.48 -0.73) (layer B.CrtYd) (width 0.05))
    (fp_line (start -1.48 0.73) (end 1.48 0.73) (layer B.CrtYd) (width 0.05))
    (fp_line (start -1.48 -0.73) (end -1.48 0.73) (layer B.CrtYd) (width 0.05))
    (fp_line (start -0.14058 -0.51) (end 0.14058 -0.51) (layer B.SilkS) (width 0.12))
    (fp_line (start -0.14058 0.51) (end 0.14058 0.51) (layer B.SilkS) (width 0.12))
    (fp_line (start 0.8 -0.4) (end -0.8 -0.4) (layer B.Fab) (width 0.1))
    (fp_line (start 0.8 0.4) (end 0.8 -0.4) (layer B.Fab) (width 0.1))
    (fp_line (start -0.8 0.4) (end 0.8 0.4) (layer B.Fab) (width 0.1))
    (fp_line (start -0.8 -0.4) (end -0.8 0.4) (layer B.Fab) (width 0.1))
    (fp_text user %R (at 0 0 90) (layer B.Fab)
      (effects (font (size 0.4 0.4) (thickness 0.06)) (justify mirror))
    )
    (pad 1 smd roundrect (at -0.775 0 90) (size 0.9 0.95) (layers B.Cu B.Paste B.Mask) (roundrect_rratio 0.25)
      (net 5 VCC))
    (pad 2 smd roundrect (at 0.775 0 90) (size 0.9 0.95) (layers B.Cu B.Paste B.Mask) (roundrect_rratio 0.25)
      (net 2 GND))
    (model ${KISYS3DMOD}/Capacitor_SMD.3dshapes/C_0603_1608Metric.wrl
      (at (xyz 0 0 0))
      (scale (xyz 1 1 1))
      (rotate (xyz 0 0 0))
    )
  )

  (module Capacitor_SMD:C_0603_1608Metric (layer B.Cu) (tedit 5F68FEEE) (tstamp 61E6F632)
    (at 46.736 117.348 90)
    (descr "Capacitor SMD 0603 (1608 Metric), square (rectangular) end terminal, IPC_7351 nominal, (Body size source: IPC-SM-782 page 76, https://www.pcb-3d.com/wordpress/wp-content/uploads/ipc-sm-782a_amendment_1_and_2.pdf), generated with kicad-footprint-generator")
    (tags capacitor)
    (path /61E0C222)
    (attr smd)
    (fp_text reference C6 (at -2.286 0 180) (layer B.SilkS)
      (effects (font (size 1 1) (thickness 0.15)) (justify mirror))
    )
    (fp_text value 100nF (at 0 -1.43 90) (layer B.Fab)
      (effects (font (size 1 1) (thickness 0.15)) (justify mirror))
    )
    (fp_line (start 1.48 -0.73) (end -1.48 -0.73) (layer B.CrtYd) (width 0.05))
    (fp_line (start 1.48 0.73) (end 1.48 -0.73) (layer B.CrtYd) (width 0.05))
    (fp_line (start -1.48 0.73) (end 1.48 0.73) (layer B.CrtYd) (width 0.05))
    (fp_line (start -1.48 -0.73) (end -1.48 0.73) (layer B.CrtYd) (width 0.05))
    (fp_line (start -0.14058 -0.51) (end 0.14058 -0.51) (layer B.SilkS) (width 0.12))
    (fp_line (start -0.14058 0.51) (end 0.14058 0.51) (layer B.SilkS) (width 0.12))
    (fp_line (start 0.8 -0.4) (end -0.8 -0.4) (layer B.Fab) (width 0.1))
    (fp_line (start 0.8 0.4) (end 0.8 -0.4) (layer B.Fab) (width 0.1))
    (fp_line (start -0.8 0.4) (end 0.8 0.4) (layer B.Fab) (width 0.1))
    (fp_line (start -0.8 -0.4) (end -0.8 0.4) (layer B.Fab) (width 0.1))
    (fp_text user %R (at 0 0 90) (layer B.Fab)
      (effects (font (size 0.4 0.4) (thickness 0.06)) (justify mirror))
    )
    (pad 1 smd roundrect (at -0.775 0 90) (size 0.9 0.95) (layers B.Cu B.Paste B.Mask) (roundrect_rratio 0.25)
      (net 5 VCC))
    (pad 2 smd roundrect (at 0.775 0 90) (size 0.9 0.95) (layers B.Cu B.Paste B.Mask) (roundrect_rratio 0.25)
      (net 2 GND))
    (model ${KISYS3DMOD}/Capacitor_SMD.3dshapes/C_0603_1608Metric.wrl
      (at (xyz 0 0 0))
      (scale (xyz 1 1 1))
      (rotate (xyz 0 0 0))
    )
  )

  (module Capacitor_SMD:C_0603_1608Metric (layer B.Cu) (tedit 5F68FEEE) (tstamp 61E6F643)
    (at 49.53 117.348 90)
    (descr "Capacitor SMD 0603 (1608 Metric), square (rectangular) end terminal, IPC_7351 nominal, (Body size source: IPC-SM-782 page 76, https://www.pcb-3d.com/wordpress/wp-content/uploads/ipc-sm-782a_amendment_1_and_2.pdf), generated with kicad-footprint-generator")
    (tags capacitor)
    (path /61E0CD2B)
    (attr smd)
    (fp_text reference C7 (at -2.286 0 180) (layer B.SilkS)
      (effects (font (size 1 1) (thickness 0.15)) (justify mirror))
    )
    (fp_text value 100nF (at 0 -1.43 90) (layer B.Fab)
      (effects (font (size 1 1) (thickness 0.15)) (justify mirror))
    )
    (fp_line (start -0.8 -0.4) (end -0.8 0.4) (layer B.Fab) (width 0.1))
    (fp_line (start -0.8 0.4) (end 0.8 0.4) (layer B.Fab) (width 0.1))
    (fp_line (start 0.8 0.4) (end 0.8 -0.4) (layer B.Fab) (width 0.1))
    (fp_line (start 0.8 -0.4) (end -0.8 -0.4) (layer B.Fab) (width 0.1))
    (fp_line (start -0.14058 0.51) (end 0.14058 0.51) (layer B.SilkS) (width 0.12))
    (fp_line (start -0.14058 -0.51) (end 0.14058 -0.51) (layer B.SilkS) (width 0.12))
    (fp_line (start -1.48 -0.73) (end -1.48 0.73) (layer B.CrtYd) (width 0.05))
    (fp_line (start -1.48 0.73) (end 1.48 0.73) (layer B.CrtYd) (width 0.05))
    (fp_line (start 1.48 0.73) (end 1.48 -0.73) (layer B.CrtYd) (width 0.05))
    (fp_line (start 1.48 -0.73) (end -1.48 -0.73) (layer B.CrtYd) (width 0.05))
    (fp_text user %R (at 0 0 90) (layer B.Fab)
      (effects (font (size 0.4 0.4) (thickness 0.06)) (justify mirror))
    )
    (pad 2 smd roundrect (at 0.775 0 90) (size 0.9 0.95) (layers B.Cu B.Paste B.Mask) (roundrect_rratio 0.25)
      (net 2 GND))
    (pad 1 smd roundrect (at -0.775 0 90) (size 0.9 0.95) (layers B.Cu B.Paste B.Mask) (roundrect_rratio 0.25)
      (net 5 VCC))
    (model ${KISYS3DMOD}/Capacitor_SMD.3dshapes/C_0603_1608Metric.wrl
      (at (xyz 0 0 0))
      (scale (xyz 1 1 1))
      (rotate (xyz 0 0 0))
    )
  )

  (module Capacitor_SMD:C_0603_1608Metric (layer B.Cu) (tedit 5F68FEEE) (tstamp 61E6F654)
    (at 52.324 117.348 90)
    (descr "Capacitor SMD 0603 (1608 Metric), square (rectangular) end terminal, IPC_7351 nominal, (Body size source: IPC-SM-782 page 76, https://www.pcb-3d.com/wordpress/wp-content/uploads/ipc-sm-782a_amendment_1_and_2.pdf), generated with kicad-footprint-generator")
    (tags capacitor)
    (path /61E0D888)
    (attr smd)
    (fp_text reference C8 (at -2.286 0 180) (layer B.SilkS)
      (effects (font (size 1 1) (thickness 0.15)) (justify mirror))
    )
    (fp_text value 4.7uF (at 0 -1.43 90) (layer B.Fab)
      (effects (font (size 1 1) (thickness 0.15)) (justify mirror))
    )
    (fp_line (start -0.8 -0.4) (end -0.8 0.4) (layer B.Fab) (width 0.1))
    (fp_line (start -0.8 0.4) (end 0.8 0.4) (layer B.Fab) (width 0.1))
    (fp_line (start 0.8 0.4) (end 0.8 -0.4) (layer B.Fab) (width 0.1))
    (fp_line (start 0.8 -0.4) (end -0.8 -0.4) (layer B.Fab) (width 0.1))
    (fp_line (start -0.14058 0.51) (end 0.14058 0.51) (layer B.SilkS) (width 0.12))
    (fp_line (start -0.14058 -0.51) (end 0.14058 -0.51) (layer B.SilkS) (width 0.12))
    (fp_line (start -1.48 -0.73) (end -1.48 0.73) (layer B.CrtYd) (width 0.05))
    (fp_line (start -1.48 0.73) (end 1.48 0.73) (layer B.CrtYd) (width 0.05))
    (fp_line (start 1.48 0.73) (end 1.48 -0.73) (layer B.CrtYd) (width 0.05))
    (fp_line (start 1.48 -0.73) (end -1.48 -0.73) (layer B.CrtYd) (width 0.05))
    (fp_text user %R (at 0 0 90) (layer B.Fab)
      (effects (font (size 0.4 0.4) (thickness 0.06)) (justify mirror))
    )
    (pad 2 smd roundrect (at 0.775 0 90) (size 0.9 0.95) (layers B.Cu B.Paste B.Mask) (roundrect_rratio 0.25)
      (net 2 GND))
    (pad 1 smd roundrect (at -0.775 0 90) (size 0.9 0.95) (layers B.Cu B.Paste B.Mask) (roundrect_rratio 0.25)
      (net 5 VCC))
    (model ${KISYS3DMOD}/Capacitor_SMD.3dshapes/C_0603_1608Metric.wrl
      (at (xyz 0 0 0))
      (scale (xyz 1 1 1))
      (rotate (xyz 0 0 0))
    )
  )

  (module Connector_USB:USB_Micro-B_Molex_47346-0001 (layer B.Cu) (tedit 5D8620A7) (tstamp 61E6F914)
    (at 137.16 28.0416)
    (descr "Micro USB B receptable with flange, bottom-mount, SMD, right-angle (http://www.molex.com/pdm_docs/sd/473460001_sd.pdf)")
    (tags "Micro B USB SMD")
    (path /61DFBFB8)
    (attr smd)
    (fp_text reference J1 (at 0 3.3 180) (layer B.SilkS)
      (effects (font (size 1 1) (thickness 0.15)) (justify mirror))
    )
    (fp_text value USB_B_Micro (at 0 -4.6 180) (layer B.Fab)
      (effects (font (size 1 1) (thickness 0.15)) (justify mirror))
    )
    (fp_line (start -3.25 -2.65) (end 3.25 -2.65) (layer B.Fab) (width 0.1))
    (fp_line (start -3.81 -2.6) (end -3.81 -2.34) (layer B.SilkS) (width 0.12))
    (fp_line (start -3.81 -0.06) (end -3.81 1.71) (layer B.SilkS) (width 0.12))
    (fp_line (start -3.81 1.71) (end -3.43 1.71) (layer B.SilkS) (width 0.12))
    (fp_line (start 3.81 1.71) (end 3.81 -0.06) (layer B.SilkS) (width 0.12))
    (fp_line (start 3.81 -2.34) (end 3.81 -2.6) (layer B.SilkS) (width 0.12))
    (fp_line (start -3.75 -3.35) (end -3.75 1.65) (layer B.Fab) (width 0.1))
    (fp_line (start -3.75 1.65) (end 3.75 1.65) (layer B.Fab) (width 0.1))
    (fp_line (start 3.75 1.65) (end 3.75 -3.35) (layer B.Fab) (width 0.1))
    (fp_line (start 3.75 -3.35) (end -3.75 -3.35) (layer B.Fab) (width 0.1))
    (fp_line (start -4.7 -3.85) (end -4.7 2.65) (layer B.CrtYd) (width 0.05))
    (fp_line (start -4.7 2.65) (end 4.7 2.65) (layer B.CrtYd) (width 0.05))
    (fp_line (start 4.7 2.65) (end 4.7 -3.85) (layer B.CrtYd) (width 0.05))
    (fp_line (start 4.7 -3.85) (end -4.7 -3.85) (layer B.CrtYd) (width 0.05))
    (fp_line (start 3.81 1.71) (end 3.43 1.71) (layer B.SilkS) (width 0.12))
    (fp_text user "PCB Edge" (at 0 -2.67 180) (layer Dwgs.User)
      (effects (font (size 0.4 0.4) (thickness 0.04)))
    )
    (fp_text user %R (at 0 -1.2) (layer B.Fab)
      (effects (font (size 1 1) (thickness 0.15)) (justify mirror))
    )
    (pad 1 smd rect (at -1.3 1.46) (size 0.45 1.38) (layers B.Cu B.Paste B.Mask)
      (net 5 VCC))
    (pad 2 smd rect (at -0.65 1.46) (size 0.45 1.38) (layers B.Cu B.Paste B.Mask)
      (net 39 D-))
    (pad 3 smd rect (at 0 1.46) (size 0.45 1.38) (layers B.Cu B.Paste B.Mask)
      (net 40 D+))
    (pad 4 smd rect (at 0.65 1.46) (size 0.45 1.38) (layers B.Cu B.Paste B.Mask)
      (net 41 "Net-(J1-Pad4)"))
    (pad 5 smd rect (at 1.3 1.46) (size 0.45 1.38) (layers B.Cu B.Paste B.Mask)
      (net 2 GND))
    (pad 6 smd rect (at -2.4875 1.375) (size 1.425 1.55) (layers B.Cu B.Paste B.Mask)
      (net 2 GND))
    (pad 6 smd rect (at 2.4875 1.375) (size 1.425 1.55) (layers B.Cu B.Paste B.Mask)
      (net 2 GND))
    (pad 6 smd rect (at -3.375 -1.2) (size 1.65 1.3) (layers B.Cu B.Paste B.Mask)
      (net 2 GND))
    (pad 6 smd rect (at 3.375 -1.2) (size 1.65 1.3) (layers B.Cu B.Paste B.Mask)
      (net 2 GND))
    (pad 6 smd rect (at -1.15 -1.2) (size 1.8 1.9) (layers B.Cu B.Paste B.Mask)
      (net 2 GND))
    (pad 6 smd rect (at 1.55 -1.2) (size 1 1.9) (layers B.Cu B.Paste B.Mask)
      (net 2 GND))
    (model ${KISYS3DMOD}/Connector_USB.3dshapes/USB_Micro-B_Molex_47346-0001.wrl
      (at (xyz 0 0 0))
      (scale (xyz 1 1 1))
      (rotate (xyz 0 0 0))
    )
  )

  (module Connector_PinSocket_2.54mm:PinSocket_1x06_P2.54mm_Horizontal (layer B.Cu) (tedit 5A19A42D) (tstamp 61E6F980)
    (at 36.068 117.602)
    (descr "Through hole angled socket strip, 1x06, 2.54mm pitch, 8.51mm socket length, single row (from Kicad 4.0.7), script generated")
    (tags "Through hole angled socket strip THT 1x06 2.54mm single row")
    (path /61E88CBD)
    (fp_text reference J3 (at -4.38 2.286) (layer B.SilkS)
      (effects (font (size 1 1) (thickness 0.15)) (justify mirror))
    )
    (fp_text value Conn_01x06_Female (at -3.302 -14.986) (layer B.Fab)
      (effects (font (size 1 1) (thickness 0.15)) (justify mirror))
    )
    (fp_line (start 1.75 -14.45) (end 1.75 1.8) (layer B.CrtYd) (width 0.05))
    (fp_line (start -10.55 -14.45) (end 1.75 -14.45) (layer B.CrtYd) (width 0.05))
    (fp_line (start -10.55 1.8) (end -10.55 -14.45) (layer B.CrtYd) (width 0.05))
    (fp_line (start 1.75 1.8) (end -10.55 1.8) (layer B.CrtYd) (width 0.05))
    (fp_line (start 0 1.33) (end 1.11 1.33) (layer B.SilkS) (width 0.12))
